64.0
64.66666666666667
33.666666666666664
44.0
49.666666666666664
43.0
56.666666666666664
64.66666666666667
38.666666666666664
49.333333333333336
58.666666666666664
75.66666666666667
49.0
57.666666666666664
64.0
50.0
66.0
50.0
53.333333333333336
52.666666666666664
52.666666666666664
59.333333333333336
86.0
53.0
69.0
57.666666666666664
69.66666666666667
68.66666666666667
57.0
74.66666666666667
72.66666666666667
75.0
45.666666666666664
54.666666666666664
71.66666666666667
63.333333333333336
70.0
59.0
51.0
53.333333333333336
60.0
48.0
67.0
55.333333333333336
68.66666666666667
62.666666666666664
52.0
51.666666666666664
61.666666666666664
54.333333333333336
55.0
84.66666666666667
59.0
77.0
66.0
87.33333333333333
65.66666666666667
82.0
44.333333333333336
46.666666666666664
68.0
62.0
75.33333333333333
50.0
67.66666666666667
62.333333333333336
64.0
79.0
74.66666666666667
58.666666666666664
62.333333333333336
72.66666666666667
81.0
45.0
61.333333333333336
38.333333333333336
54.0
59.0
49.0
79.66666666666667
51.666666666666664
64.66666666666667
68.66666666666667
67.0
60.0
65.0
72.66666666666667
66.0
74.66666666666667
52.333333333333336
49.333333333333336
69.33333333333333
55.666666666666664
66.33333333333333
85.0
88.0
56.0
36.666666666666664
64.33333333333333
72.33333333333333
71.0
81.0
82.0
51.0
65.66666666666667
57.666666666666664
53.333333333333336
51.666666666666664
74.33333333333333
61.666666666666664
66.0
79.33333333333333
71.33333333333333
31.666666666666668
65.66666666666667
73.0
86.0
75.0
76.33333333333333
42.333333333333336
72.33333333333333
77.0
69.66666666666667
51.333333333333336
39.666666666666664
63.0 62.448 61.128